t1: 
    (0.7, -0.5): 1.0
    (0.6, 3.5): 1.4142135623730951
    (0.6, -2.0): 2.0
    (0.7, -4.5): 2.23606797749979
    (0.7, 5.0): 2.23606797749979
    (0.6, 1.0): 3.1622776601683795
    (0.7, 0.0): 3.1622776601683795
    (0.7, 0.5): 3.1622776601683795
    (0.7, 1.0): 3.1622776601683795
    (0.7, 1.5): 3.1622776601683795
    (0.7, 4.5): 3.1622776601683795
    (0.6, 1.5): 3.605551275463989
    (0.7, 2.0): 4.123105625617661
    (0.7, 2.5): 4.123105625617661
    (0.7, 3.5): 4.123105625617661
    (0.7, 4.0): 4.123105625617661
    (0.6, 0.5): 4.47213595499958
    (0.65, 2.0): 5.0
    (0.65, 2.5): 5.0
    (0.65, 3.0): 5.0
    (0.65, 4.5): 5.0990195135927845
    (0.65, 5.0): 5.0990195135927845
    (0.7, 3.0): 5.0990195135927845
    (0.75, -0.5): 5.385164807134504
    (0.75, 0.0): 5.385164807134504
    (0.65, 1.0): 5.656854249492381
    (0.65, 1.5): 5.656854249492381
    (0.65, 3.5): 5.656854249492381
    (0.6, -1.5): 6.082762530298219
    (0.75, -1.5): 6.082762530298219
    (0.75, -5.0): 6.324555320336759
    (0.65, 0.0): 6.4031242374328485
    (0.65, -5.0): 6.708203932499369
    (0.65, 0.5): 6.708203932499369
    (0.75, -1.0): 6.708203932499369
    (0.75, 3.5): 7.0
    (0.65, 4.0): 7.0710678118654755
    (0.75, 2.0): 7.0710678118654755
    (0.65, -4.0): 7.280109889280518
    (0.75, 1.0): 7.280109889280518
    (0.6, -4.0): 7.810249675906654
    (0.65, -1.5): 7.810249675906654
    (0.65, -4.5): 8.54400374531753
    (0.65, -1.0): 8.54400374531753
    (0.75, 5.0): 8.602325267042627
    (0.55, 3.0): 9.055385138137417
    (0.55, 2.0): 10.0
    (0.6, 2.5): 10.0
    (0.65, -2.5): 10.0
    (0.7, -4.0): 10.0
    (0.7, -3.5): 10.0
    (0.5, 0.0): 10.04987562112089
    (0.5, 0.5): 10.04987562112089
    (0.5, 1.0): 10.04987562112089
    (0.55, 2.5): 10.04987562112089
    (0.6, 2.0): 10.04987562112089
    (0.6, 3.0): 10.04987562112089
    (0.6, 4.5): 10.04987562112089
    (0.6, 5.0): 10.04987562112089
    (0.55, 1.5): 10.198039027185569
    (0.6, 4.0): 10.44030650891055
    (0.7, -1.0): 11.0
    (0.55, 0.5): 11.045361017187261
    (0.6, -1.0): 11.045361017187261
    (0.6, -0.5): 11.045361017187261
    (0.7, -5.0): 11.045361017187261
    (0.6, 0.0): 11.180339887498949
    (0.7, -3.0): 11.180339887498949
    (0.65, -3.5): 11.40175425099138
    (0.65, -2.0): 11.40175425099138
    (0.55, -0.5): 12.041594578792296
    (0.65, -3.0): 12.041594578792296
    (0.7, -2.0): 12.165525060596439
    (0.7, -1.5): 12.165525060596439
    (0.8, 4.5): 12.649110640673518
    (0.55, -1.0): 13.0
    (0.55, -1.5): 13.038404810405298
    (0.55, 0.0): 13.038404810405298
    (0.75, 1.5): 13.038404810405298
    (0.7, -2.5): 13.152946437965905
    (0.6, -3.0): 13.416407864998739
    (0.6, -2.5): 13.416407864998739
    (0.6, -3.5): 13.892443989449804
    (0.65, -0.5): 14.142135623730951
    (0.6, -4.5): 14.422205101855956
    (0.55, -3.0): 15.033296378372908
    (0.55, 3.5): 15.033296378372908
    (0.55, 4.0): 15.033296378372908
    (0.55, -4.5): 16.0312195418814
    (0.55, -2.5): 16.1245154965971
    (0.55, 5.0): 16.1245154965971
    (0.55, 4.5): 16.278820596099706
    (0.55, 1.0): 17.0
    (0.85, -4.0): 17.46424919657298
    (0.55, -5.0): 17.72004514666935
    (0.55, -4.0): 17.72004514666935
    (0.55, -3.5): 17.72004514666935
    (0.55, -2.0): 18.384776310850235
    (0.5, -5.0): 22.360679774997898
    (0.8, -0.5): 23.853720883753127
    (0.8, 0.0): 24.698178070456937
    (0.5, 2.0): 26.076809620810597
    (0.5, 2.5): 26.076809620810597
    (0.85, -5.0): 31.827660925679098
    (1.0, -3.5): 33.37663853655727
    (1.0, -5.0): 33.95585369269929
    (1.0, 2.0): 35.22782990761707
    (1.0, 3.0): 49.03060268852505
    (1.0, -2.5): 66.48308055437865
    (1.0, 0.5): 67.35725647619564
    (1.0, 1.0): 68.8839603971781
    (1.0, 1.5): 73.24616030891995
    (1.0, 2.5): 74.4043009509531
    (1.0, 0.0): 75.8023746329889
    (1.0, -1.5): 77.89736837660179
    (1.0, -4.0): 78.60025445251433
    (0.8, -5.0): 81.49846624323675
    (1.0, 5.0): 84.86459803710851
    (1.0, 3.5): 90.55385138137417
    (1.0, 4.5): 106.96261028976434
    (1.0, 4.0): 107.20074626605917
    (0.5, 3.5): 135.0
    (0.5, 3.0): 135.00370365289984
    (0.5, 4.0): 135.00370365289984
    (0.5, 4.5): 135.0148140020198
    (0.5, 5.0): 135.03332921912278
    (0.5, 1.5): 136.0588108135596
    (0.5, -0.5): 136.2974687952788
    (0.5, -1.0): 140.24621207005913
    (0.5, -2.0): 140.42791745233566
    (0.5, -1.5): 140.42791745233566
    (0.5, -2.5): 140.61649974309557
    (0.5, -3.5): 140.81193131265547
    (0.5, -3.0): 140.81193131265547
    (0.5, -4.5): 141.01418368376991
    (0.5, -4.0): 141.01418368376991
    (0.6, -5.0): 150.2664300500947
    (0.75, 3.0): 163.02760502442524
    (0.75, 4.0): 163.07666908543356
    (0.75, 4.5): 163.1502375113196
    (0.75, 0.5): 163.68872899500442
    (0.75, -4.0): 164.07315441594946
    (0.75, -4.5): 164.23458831805192
    (0.75, -2.0): 164.34719346554112
    (0.75, -2.5): 164.47796204963143
    (0.75, -3.0): 164.61470165206995
    (0.75, -3.5): 164.7573974060042
    (0.75, 2.5): 165.59287424282482
    (0.8, 0.5): 168.04761230080004
    (0.8, 1.0): 168.07438829280326
    (0.8, 4.0): 168.07438829280326
    (0.8, 3.0): 169.00295855398508
    (0.8, 3.5): 169.01183390520322
    (0.8, -1.5): 169.07099100673656
    (0.8, -4.5): 169.84993376507393
    (0.8, -4.0): 169.84993376507393
    (0.8, -1.0): 169.85287751463028
    (0.8, -2.0): 170.42300314218147
    (0.8, -2.5): 170.49633427144408
    (0.8, -3.0): 170.57549648176317
    (0.8, -3.5): 170.84788555905513
    (0.8, 5.0): 171.04677722775136
    (0.8, 2.0): 171.8429515575195
    (0.8, 2.5): 172.02616080119907
    (0.8, 1.5): 172.16561793807728
    (0.85, 3.0): 174.0
    (0.85, 2.5): 174.0028735394907
    (0.85, 3.5): 174.0028735394907
    (0.85, 2.0): 174.0258601472781
    (0.85, 1.5): 174.04597093871493
    (0.85, 1.0): 174.07182425654074
    (0.85, -1.0): 174.4849563716024
    (0.85, -2.5): 175.03428235634297
    (0.85, -3.0): 175.1456536714514
    (0.85, -3.5): 175.26266002774236
    (0.85, -4.5): 175.5135322418189
    (0.85, 5.0): 176.02556632489498
    (0.85, -1.5): 176.13914953808538
    (0.85, -2.0): 176.1817243643619
    (0.85, 4.0): 177.00282483621552
    (0.85, 4.5): 177.00282483621552
    (0.85, 0.5): 177.2484132510077
    (0.85, 0.0): 177.49647883831386
    (0.85, -0.5): 179.22611416866684
    (0.9, 3.0): 180.01111076819674
    (0.9, 2.0): 180.02499826412998
    (0.9, 2.5): 180.02499826412998
    (0.9, 1.5): 180.0444389588304
    (0.9, -3.5): 181.0
    (0.9, 4.5): 182.0988742414406
    (0.9, 5.0): 182.13456563760764
    (0.9, 3.5): 183.04371062672436
    (0.9, 4.0): 183.06829326784035
    (0.9, 1.0): 185.0
    (0.95, 1.5): 185.0
    (0.95, 3.0): 185.0
    (0.9, 0.5): 185.00270268296083
    (0.95, 3.5): 185.00270268296083
    (0.9, 0.0): 185.0108104949546
    (0.95, 2.5): 185.0108104949546
    (0.95, 4.0): 185.0108104949546
    (0.9, -0.5): 185.02432272541898
    (0.95, 2.0): 185.02432272541898
    (0.95, 4.5): 185.04323819042943
    (0.95, 1.0): 185.06755523321746
    (0.9, -1.5): 185.09727172489605
    (0.9, -1.0): 185.09727172489605
    (0.95, 5.0): 185.09727172489605
    (0.95, -0.5): 185.13238506539042
    (0.95, 0.5): 185.13238506539042
    (0.9, -2.0): 185.17289218457435
    (0.95, 0.0): 185.17289218457435
    (0.9, -2.5): 185.21878954360974
    (0.9, -3.0): 185.32673849177834
    (0.95, -1.0): 185.32673849177834
    (0.95, -1.5): 185.4561942885705
    (0.95, -2.5): 185.52897347853784
    (0.95, -2.0): 185.52897347853784
    (0.9, -4.5): 185.60711193270586
    (0.9, -5.0): 185.6906028855526
    (0.95, -3.5): 185.77943912069495
    (0.95, -4.0): 185.87361297397757
    (0.9, -4.0): 186.07794065928394
    (0.95, -4.5): 186.18807695446023
    (0.95, -5.0): 186.30351580150065
    (1.0, -4.5): 186.4242473499625
    (0.95, -3.0): 188.2817038376273
    (1.0, -3.0): 245.41597340026587
    (1.0, -2.0): 260.9233603953467
    (1.0, -1.0): 261.6295090390226
    (1.0, -0.5): 261.6295090390226
t2: 
    (0.65, -4.0): 1.0
    (0.65, -3.5): 1.0
    (0.65, -3.0): 2.0
    (0.65, -2.5): 2.0
    (0.65, -1.0): 2.0
    (0.65, -5.0): 2.23606797749979
    (0.65, -4.5): 2.23606797749979
    (0.65, 0.0): 3.0
    (0.65, 3.5): 3.1622776601683795
    (0.65, -0.5): 4.0
    (0.65, -2.0): 4.242640687119285
    (0.65, -1.5): 4.242640687119285
    (0.6, 2.5): 5.0
    (0.6, 3.0): 5.0
    (0.55, -2.5): 5.0990195135927845
    (0.6, -4.5): 5.0990195135927845
    (0.6, -4.0): 5.0990195135927845
    (0.6, -3.5): 5.0990195135927845
    (0.55, -4.5): 5.385164807134504
    (0.55, -4.0): 5.385164807134504
    (0.55, -3.5): 5.385164807134504
    (0.55, -2.0): 5.385164807134504
    (0.6, -5.0): 5.385164807134504
    (0.6, -3.0): 5.385164807134504
    (0.6, 3.5): 5.656854249492381
    (0.6, 4.0): 5.656854249492381
    (0.6, -2.0): 5.830951894845301
    (0.6, 5.0): 5.830951894845301
    (0.65, 0.5): 6.0
    (0.65, 1.0): 6.0
    (0.6, 1.0): 6.082762530298219
    (0.6, 1.5): 6.082762530298219
    (0.6, 2.0): 6.082762530298219
    (0.6, -2.5): 6.324555320336759
    (0.7, -0.5): 6.4031242374328485
    (0.6, -1.5): 6.708203932499369
    (0.65, 1.5): 7.0
    (0.7, 3.5): 7.0710678118654755
    (0.6, -1.0): 7.810249675906654
    (0.6, -0.5): 7.810249675906654
    (0.7, 0.5): 7.810249675906654
    (0.7, 4.0): 7.810249675906654
    (0.6, 0.0): 8.48528137423857
    (0.7, -3.5): 8.602325267042627
    (0.7, 4.5): 8.602325267042627
    (0.7, -4.5): 8.94427190999916
    (0.7, -3.0): 9.219544457292887
    (0.7, 0.0): 9.219544457292887
    (0.6, 0.5): 9.433981132056603
    (0.7, -2.5): 9.899494936611665
    (0.7, -2.0): 9.899494936611665
    (0.55, -3.0): 10.04987562112089
    (0.55, 3.5): 10.04987562112089
    (0.55, 4.0): 10.04987562112089
    (0.55, 4.5): 10.04987562112089
    (0.55, 5.0): 10.04987562112089
    (0.55, -5.0): 10.44030650891055
    (0.55, 1.5): 10.44030650891055
    (0.55, 2.0): 10.44030650891055
    (0.55, 2.5): 10.44030650891055
    (0.7, -4.0): 10.63014581273465
    (0.55, 1.0): 10.770329614269007
    (0.7, -5.0): 10.816653826391969
    (0.65, 4.0): 11.045361017187261
    (0.65, 4.5): 11.045361017187261
    (0.55, -1.5): 11.180339887498949
    (0.55, 3.0): 11.40175425099138
    (0.7, -1.5): 11.40175425099138
    (0.6, 4.5): 11.661903789690601
    (0.55, -1.0): 11.704699910719626
    (0.65, 2.0): 12.0
    (0.55, 0.0): 12.083045973594572
    (0.65, 2.5): 12.206555615733702
    (0.65, 3.0): 12.206555615733702
    (0.55, 0.5): 12.529964086141668
    (0.7, -1.0): 13.038404810405298
    (0.75, 0.0): 13.038404810405298
    (0.75, 0.5): 13.038404810405298
    (0.75, 1.0): 13.038404810405298
    (0.55, -0.5): 13.892443989449804
    (0.75, -1.0): 13.892443989449804
    (0.75, -4.5): 13.92838827718412
    (0.65, 5.0): 14.212670403551895
    (0.7, 1.0): 14.317821063276353
    (0.75, -4.0): 14.317821063276353
    (0.75, -5.0): 14.560219778561036
    (0.75, -3.5): 14.7648230602334
    (0.75, -3.0): 14.7648230602334
    (0.75, 2.5): 14.866068747318506
    (0.75, -2.0): 15.0
    (0.7, 1.5): 15.231546211727817
    (0.75, 1.5): 15.556349186104045
    (0.75, 2.0): 15.556349186104045
    (0.75, -2.5): 15.811388300841896
    (0.5, -2.5): 16.0
    (0.5, -3.0): 16.0312195418814
    (0.5, -2.0): 16.0312195418814
    (0.5, -4.0): 16.1245154965971
    (0.5, -3.5): 16.1245154965971
    (0.7, 2.0): 16.15549442140351
    (0.5, -4.5): 16.278820596099706
    (0.5, -5.0): 16.76305461424021
    (0.75, -0.5): 16.97056274847714
    (0.5, -1.5): 17.0
    (0.5, -1.0): 17.0
    (0.7, 2.5): 17.08800749063506
    (0.5, -0.5): 17.11724276862369
    (0.5, 0.5): 17.11724276862369
    (0.5, 4.0): 17.11724276862369
    (0.5, 4.5): 17.11724276862369
    (0.5, 5.0): 17.26267650163207
    (0.75, -1.5): 17.69180601295413
    (0.5, 0.0): 18.110770276274835
    (0.5, 1.0): 18.110770276274835
    (0.5, 2.5): 18.110770276274835
    (0.5, 1.5): 18.24828759089466
    (0.5, 3.0): 18.24828759089466
    (0.5, 3.5): 18.24828759089466
    (0.5, 2.0): 19.1049731745428
    (0.8, -4.5): 19.924858845171276
    (0.8, -4.0): 20.248456731316587
    (0.8, -3.5): 21.02379604162864
    (0.7, 5.0): 22.561028345356956
    (0.75, 3.0): 22.825424421026653
    (0.75, 3.5): 23.706539182259394
    (0.75, 4.5): 24.166091947189145
    (0.75, 4.0): 24.596747752497688
    (0.8, 0.0): 24.758836806279895
    (0.8, 0.5): 24.758836806279895
    (0.75, 5.0): 25.079872407968907
    (0.8, 1.0): 25.45584412271571
    (0.8, 1.5): 25.495097567963924
    (0.8, 2.0): 26.248809496813376
    (0.8, 2.5): 27.018512172212592
    (0.8, 3.5): 27.202941017470888
    (0.85, -1.5): 27.784887978899608
    (0.8, 3.0): 27.80287754891569
    (0.8, 4.0): 30.23243291566195
    (0.85, 1.0): 30.479501308256342
    (0.8, 5.0): 31.38470965295043
    (0.85, 2.0): 31.827660925679098
    (0.85, 2.5): 33.24154027718932
    (0.85, 3.0): 33.97057550292606
    (0.85, 4.0): 34.828149534535996
    (0.85, 3.5): 35.4682957019364
    (0.85, 4.5): 35.608987629529715
    (0.85, 5.0): 36.40054944640259
    (0.9, 4.5): 41.773197148410844
    (0.95, 0.5): 41.88078318274385
    (1.0, 0.0): 46.647615158762406
    (1.0, -0.5): 47.01063709417264
    (0.8, 4.5): 56.04462507680822
    (0.85, -5.0): 64.8459713474939
    (0.85, -4.5): 64.8459713474939
    (0.85, -3.5): 69.07966415668217
    (0.9, -4.5): 69.77105417004964
    (0.85, -4.0): 70.00714249274856
    (0.95, -3.5): 70.2353187506115
    (0.95, -3.0): 70.71067811865476
    (0.9, -4.0): 71.02112361825881
    (0.9, -3.0): 71.19691004531025
    (0.9, -2.5): 71.19691004531025
    (0.9, -3.5): 71.58910531638176
    (0.9, -2.0): 72.00694410957877
    (0.9, -1.5): 72.20110802473879
    (0.85, -3.0): 72.44998274671983
    (0.95, -2.0): 75.21303078589507
    (0.95, -1.5): 76.02631123499285
    (0.8, -2.0): 77.79460135510689
    (0.95, -4.0): 80.15609770940699
    (0.95, -4.5): 81.30190649671138
    (0.95, -1.0): 81.41252974819048
    (1.0, -4.5): 94.64142856064674
    (1.0, -3.0): 117.0341830406826
    (0.7, 3.0): 119.05040949110591
    (1.0, -1.0): 122.37646832622684
    (0.9, -5.0): 156.85024705112835
    (1.0, -4.0): 159.81239000778382
    (1.0, -2.0): 220.53117693423758
    (1.0, -1.5): 220.95248357961492
    (0.95, -2.5): 255.15681452785068
    (1.0, -3.5): 256.58137110866016
    (1.0, -2.5): 259.7306296916095
    (0.9, 0.5): 261.283371074395
    (1.0, 0.5): 322.80024783137947
    (1.0, 1.0): 323.08048532834664
    (1.0, 1.5): 323.36357246913263
    (1.0, 2.0): 323.93826572357887
    (1.0, 2.5): 324.5242671973854
    (1.0, 3.0): 324.82148943689054
    (1.0, 3.5): 325.4243383645421
    (1.0, 4.0): 326.03834130359576
    (0.95, -0.5): 326.34950589820113
    (0.95, 0.0): 326.663435358168
    (1.0, 4.5): 326.663435358168
    (1.0, 5.0): 326.9801217199602
    (0.95, 1.0): 327.9466420014085
    (0.95, 1.5): 328.27427556846425
    (0.95, 2.0): 328.6046256521658
    (0.95, 2.5): 329.61189298931555
    (0.95, 3.0): 330.2968361943541
    (0.95, 3.5): 330.9924470437354
    (0.9, -1.0): 331.34423187977785
    (0.95, 4.0): 331.34423187977785
    (0.9, -0.5): 331.6986584235758
    (0.9, 0.0): 332.0557182160849
    (0.95, 4.5): 332.0557182160849
    (0.95, 5.0): 332.41540277189324
    (0.9, 1.0): 333.51011978649166
    (0.9, 1.5): 333.88021804233927
    (0.9, 2.0): 335.00597009605667
    (0.9, 2.5): 335.00597009605667
    (0.9, 3.0): 335.769266014625
    (0.85, -2.5): 336.1547262794322
    (0.85, -2.0): 336.1547262794322
    (0.9, 3.5): 336.93322780634145
    (0.85, -1.0): 337.3262515725688
    (0.9, 4.0): 337.3262515725688
    (0.85, -0.5): 338.11980125393427
    (0.85, 0.0): 338.92329515688357
    (0.9, 5.0): 338.92329515688357
    (0.85, 0.5): 339.3287491504367
    (0.85, 1.5): 340.9750724026611
    (0.8, -3.0): 341.81281427120314
    (0.8, -2.5): 343.5171029221107
    (0.8, -1.5): 343.9491241448363
    (0.8, -1.0): 345.2593228285081
    (0.8, -0.5): 345.70073763299956
    (0.8, -5.0): 360.84622763720284
    (0.95, -5.0): 377.37117006999887
    (1.0, -5.0): 381.3790765104976
t3: 
    (0.7, -1.5): 4.0
    (0.7, -1.0): 4.0
    (0.7, -2.5): 4.123105625617661
    (0.7, -2.0): 4.123105625617661
    (0.65, -5.0): 5.0
    (0.7, -3.0): 6.324555320336759
    (0.55, 3.0): 13.152946437965905
    (0.75, -5.0): 13.45362404707371
    (0.75, -4.0): 13.45362404707371
    (0.65, -4.5): 14.317821063276353
    (1.0, 4.0): 15.132745950421556
    (0.8, -4.0): 15.652475842498529
    (0.75, 4.5): 15.811388300841896
    (0.8, 0.0): 16.1245154965971
    (0.9, -5.0): 16.401219466856727
    (0.8, -5.0): 16.55294535724685
    (0.8, -4.5): 16.55294535724685
    (0.8, 0.5): 17.029386365926403
    (0.8, 1.5): 17.029386365926403
    (0.8, 1.0): 17.11724276862369
    (0.9, -4.5): 17.204650534085253
    (0.8, -1.0): 17.26267650163207
    (0.8, -0.5): 17.26267650163207
    (0.8, 2.5): 18.027756377319946
    (0.9, -3.0): 18.601075237738275
    (0.9, -2.5): 19.209372712298546
    (0.95, 2.0): 19.235384061671343
    (0.9, -4.0): 19.4164878389476
    (0.9, -3.5): 19.4164878389476
    (0.5, -5.0): 19.849433241279208
    (0.85, 1.0): 20.808652046684813
    (1.0, 1.5): 21.213203435596427
    (1.0, 2.5): 21.37755832643195
    (0.95, -4.5): 22.80350850198276
    (1.0, 2.0): 23.345235059857504
    (0.9, -1.5): 23.600847442411894
    (0.85, 5.0): 23.706539182259394
    (0.95, -5.0): 23.769728648009426
    (0.85, -3.0): 24.698178070456937
    (0.85, -2.5): 25.059928172283335
    (0.85, -0.5): 25.632011235952593
    (0.95, 0.0): 25.632011235952593
    (0.85, 2.0): 25.709920264364882
    (0.85, 2.5): 25.709920264364882
    (0.85, 1.5): 26.476404589747453
    (0.8, 5.0): 26.68332812825267
    (0.95, 2.5): 27.313000567495326
    (0.95, 1.5): 28.231188426986208
    (0.9, 2.0): 28.600699292150182
    (1.0, -4.5): 29.068883707497267
    (0.9, 1.5): 29.410882339705484
    (0.9, 1.0): 30.23243291566195
    (0.85, -3.5): 30.805843601498726
    (0.9, 3.0): 30.805843601498726
    (0.85, -4.0): 31.04834939252005
    (0.85, 0.0): 31.11269837220809
    (0.85, -4.5): 31.32091952673165
    (0.85, -1.0): 31.400636936215164
    (0.85, -2.0): 31.575306807693888
    (0.6, -2.5): 33.37663853655727
    (0.9, -2.0): 37.73592452822641
    (0.9, -1.0): 38.01315561749642
    (0.9, -0.5): 38.01315561749642
    (0.55, -5.0): 38.07886552931954
    (0.9, 0.0): 39.824615503479755
    (0.5, 1.0): 42.638011210655684
    (0.95, -4.0): 43.104524124504614
    (0.95, -2.5): 43.289721643826724
    (0.95, -0.5): 43.829214001622255
    (0.95, -3.5): 44.181444068749045
    (0.95, -3.0): 44.181444068749045
    (0.95, -1.5): 44.40720662234904
    (0.95, 4.5): 44.9221548904324
    (0.55, 4.5): 45.27692569068709
    (0.95, -2.0): 45.27692569068709
    (0.6, 0.0): 45.880278987817846
    (0.6, -5.0): 46.861498055439924
    (0.6, -4.0): 47.50789408087881
    (1.0, -5.0): 50.635955604688654
    (1.0, 1.0): 50.92150822589606
    (1.0, -3.5): 51.62363799656123
    (0.6, -3.0): 51.73973328110612
    (1.0, -3.0): 51.78802950489621
    (0.55, -4.5): 51.85556864985669
    (0.55, -4.0): 51.85556864985669
    (0.55, -3.0): 51.85556864985669
    (1.0, -4.0): 52.46903848937962
    (0.55, -3.5): 52.49761899362675
    (1.0, -2.5): 52.61178575186362
    (0.55, -2.5): 52.630789467763066
    (0.55, -2.0): 52.630789467763066
    (0.55, -1.5): 52.630789467763066
    (1.0, -2.0): 52.773099207835045
    (0.55, -0.5): 52.92447448959697
    (1.0, -1.5): 52.952809179494906
    (0.6, -3.5): 53.150729063673246
    (1.0, -1.0): 53.9351462406472
    (1.0, -0.5): 53.9351462406472
    (0.55, 3.5): 54.817880294662984
    (0.55, 4.0): 54.817880294662984
    (0.55, 5.0): 54.817880294662984
    (1.0, 0.0): 54.91812087098393
    (1.0, 0.5): 55.10898293381942
    (1.0, 4.5): 57.56735185849702
    (1.0, 3.5): 57.723478758647246
    (0.5, -3.0): 59.464274989274024
    (0.9, 5.0): 59.941638282582836
    (0.5, -2.5): 60.207972893961475
    (0.5, -2.0): 60.207972893961475
    (0.5, -1.5): 60.207972893961475
    (1.0, 3.0): 61.5223536610881
    (0.55, 1.5): 65.14598989960932
    (0.55, 0.5): 65.45991139621256
    (0.9, 2.5): 66.2117814289874
    (0.5, 1.5): 68.4470598345904
    (0.5, 2.0): 68.65857557508748
    (0.95, 4.0): 70.22819946431775
    (0.5, 2.5): 73.68174807915459
    (0.95, 5.0): 74.16872656315464
    (1.0, 5.0): 74.81310045707235
    (0.95, -1.0): 96.33794683301072
    (0.5, -3.5): 109.48059188732951
    (0.85, 4.0): 128.01562404644207
    (0.85, 3.5): 137.35355838128112
    (0.85, 4.5): 139.97856978837868
    (0.85, 0.5): 143.55835050598765
    (0.85, 3.0): 144.01388821915754
    (0.95, 3.5): 144.10065926289164
    (0.9, 4.0): 145.41320435228707
    (0.95, 3.0): 148.92951352905172
    (0.9, 0.5): 152.50573759698355
    (0.95, 1.0): 153.62942426501507
    (0.95, 0.5): 154.94515158597252
    (0.5, 5.0): 155.56991997169632
    (0.5, 4.0): 156.28499608087785
    (0.5, 4.5): 156.28499608087785
    (0.5, 3.0): 157.00318468107582
    (0.9, 4.5): 160.1030917877603
    (0.9, 3.5): 164.12799883018133
    (0.55, 2.0): 170.29386365926402
    (0.55, 2.5): 171.05846953600397
    (0.5, -1.0): 171.3300907604966
    (0.5, -0.5): 171.3300907604966
    (0.5, 0.0): 171.3300907604966
    (0.55, -1.0): 172.59490143106777
    (0.5, 0.5): 172.74258305351347
    (0.55, 0.0): 174.0028735394907
    (0.55, 1.0): 174.0028735394907
    (0.5, -4.5): 205.38013535880242
    (0.5, 3.5): 214.45046047980406
    (0.85, -1.5): 215.5203006679417
    (0.6, 5.0): 233.03218661807213
    (0.6, 4.0): 233.66856870362346
    (0.6, 4.5): 233.66856870362346
    (0.6, 3.5): 234.30749027719963
    (0.6, 2.5): 234.94893062110327
    (0.6, 3.0): 234.94893062110327
    (0.6, 1.5): 235.59286916203556
    (0.6, 2.0): 235.59286916203556
    (0.6, 0.5): 236.23928547132036
    (0.6, 1.0): 236.23928547132036
    (0.6, -0.5): 236.88815926508443
    (0.6, -1.5): 237.53947040439405
    (0.6, -1.0): 237.53947040439405
    (0.6, -2.0): 238.1931988953505
    (0.65, 4.5): 238.8493248891443
    (0.65, 5.0): 238.8493248891443
    (0.65, 4.0): 239.50782868207042
    (0.65, 3.0): 240.16869071550522
    (0.65, 3.5): 240.16869071550522
    (0.65, 2.0): 240.8318915758459
    (0.65, 2.5): 240.8318915758459
    (0.65, 1.5): 241.49741199441456
    (0.65, 0.5): 242.1652328473268
    (0.65, 1.0): 242.1652328473268
    (0.65, 0.0): 242.83533515532702
    (0.65, -1.0): 243.50770008359078
    (0.65, -0.5): 243.50770008359078
    (0.65, -2.0): 244.1823089414956
    (0.65, -1.5): 244.1823089414956
    (0.7, 4.5): 244.1823089414956
    (0.7, 5.0): 244.1823089414956
    (0.65, -2.5): 244.85914318236107
    (0.7, 4.0): 244.85914318236107
    (0.65, -3.5): 245.5381844031596
    (0.65, -3.0): 245.5381844031596
    (0.7, 3.0): 245.5381844031596
    (0.7, 3.5): 245.5381844031596
    (0.65, -4.0): 246.2194143441983
    (0.7, 2.5): 246.2194143441983
    (0.7, 1.5): 246.9028148887736
    (0.7, 2.0): 246.9028148887736
    (0.7, 1.0): 247.58836806279893
    (0.7, 0.0): 248.276056034407
    (0.7, 0.5): 248.276056034407
    (0.7, -0.5): 248.96586111352696
    (0.75, 5.0): 249.65776575143823
    (0.75, 4.0): 250.3517525403008
    (0.75, 3.5): 251.04780421266383
    (0.7, -3.5): 251.745903640953
    (0.75, 2.5): 251.745903640953
    (0.75, 3.0): 251.745903640953
    (0.7, -4.5): 252.44603383693712
    (0.7, -4.0): 252.44603383693712
    (0.75, 2.0): 252.44603383693712
    (0.7, -5.0): 253.14817795117546
    (0.75, 1.0): 253.14817795117546
    (0.75, 1.5): 253.14817795117546
    (0.75, 0.5): 253.85231927244627
    (0.75, 0.0): 254.55844122715712
    (0.75, -1.0): 255.266527378738
    (0.75, -0.5): 255.266527378738
    (0.75, -1.5): 255.97656142701817
    (0.8, 4.0): 255.97656142701817
    (0.75, -2.5): 256.68852720758673
    (0.75, -2.0): 256.68852720758673
    (0.8, 3.5): 256.68852720758673
    (0.75, -3.0): 257.4024086911387
    (0.8, 3.0): 257.4024086911387
    (0.75, -3.5): 258.11818998280614
    (0.8, 2.0): 258.11818998280614
    (0.75, -4.5): 258.8358553214759
    (0.6, -4.5): 260.16341018675166
    (0.8, -1.5): 261.72504656604804
    (0.8, -2.0): 262.45190035509364
    (0.8, -2.5): 263.1805463935357
    (0.8, -3.5): 263.9109698364204
    (0.8, -3.0): 263.9109698364204
    (0.5, -4.0): 269.9036865253974
    (0.85, -5.0): 272.05881717011124
    (0.8, 4.5): 314.8539343886304
