noisy_ref: 
    1: [1.0, 1.0, 4.0, 2.0]
    2: [1.0, 1.0, 4.123105625617661, 2.04103520853922]
    5: [4.123105625617661, 11.40175425099138, 4.123105625617661, 6.549321834075567]
    10: [6.082762530298219, 9.219544457292887, 7.0, 7.434102329197035]
    20: [10.770329614269007, 1.0, 3.1622776601683795, 4.9775357581457955]
noisy_test: 
    1: [1.0, 1.0, 4.123105625617661, 2.04103520853922]
    2: [2.0, 1.0, , 4.123105625617661, 2.374368542]
    5: [4.123105625617661, 10.04987562112089, 4.123105625617661, 6.098695624118737]
    10: [2.23606797749979, 2.8284271247461903, 8.246211251235321, 4.4369021178271]
    20: [2.23606797749979, 2.23606797749979, 2.23606797749979, 2.23606797749979]
noisy_both: 
    1: [1.0, 1.0, 3.605551275463989, 1.8685170918213299]
    2: [4.0, 2.0, 7.0, 4.333333333333333]
    5: [9.219544457292887, 1.0, 3.605551275463989, 4.608365244252292]
    10: [2.0, 9.0, 2.23606797749979, 4.412022659166596]
    20: [16.0, 4.123105625617661, 3.1622776601683795, 7.761794428595347]
